>> A = [1 7 15 16; 11 6 4 13; 3 14 13 18; 10 10 1 1]

A =

     1     7    15    16
    11     6     4    13
     3    14    13    18
    10    10     1     1

>> B = [6 0 0 0; 19 14 11 13; 17 17 12 18; 3 2 10 17]

B =

     6     0     0     0
    19    14    11    13
    17    17    12    18
     3     2    10    17

>> C = A+B

C =

     7     7    15    16
    30    20    15    26
    20    31    25    36
    13    12    11    18

Събирането се извършва като всеки елемент от едната матрица се събере със съответния му 
от другата.
