>> A = [6 1 5; 4 19 13; 15 3 2]

A =

     6     1     5
     4    19    13
    15     3     2

>> det(A)

ans =

  -1.1840e+03
